[Variables]
ercf_calib_0 = 1.0
ercf_calib_1 = 0.980206229321
ercf_calib_10 = 1.0
ercf_calib_11 = 1.0
ercf_calib_2 = 0.983127857426
ercf_calib_3 = 0.979478533531
ercf_calib_4 = 0.980935007187
ercf_calib_5 = 0.982395818813
ercf_calib_6 = 0.980935007187
ercf_calib_7 = 0.980206229321
ercf_calib_8 = 0.980935007187
ercf_calib_9 = 1.0
ercf_calib_ref = 1082.640534

